3780
134
9131
400
1703
3656
9759
1938
7184
3004
7181
1377
7424
3853
7365
2545
8467
2717
8775
355
442
2027
3414
1556
5353
1806
1158
6720
2330
5214
6602
5846
2875
6212
6771
5347
4424
4757
3486
5101
7138
6283
6938
4051
1325
4237
5268
2966
706
8780
523
4299
4391
8168
3154
7077
7569
246
6429
164
7033
2549
8992
8143
6418
7155
7669
8586
8681
8643
7616
1118
9407
3392
815
2314
8500
1509
328
8811
1373
3532
9536
8564
2607
8207
118
2579
6580
6273
2829
3915
1261
7255
1155
8610
7749
8960
8051
5708
4412
5033
6083
6191
2277
2639
9531
5201
9452
5160
665
3496
7220
1342
8229
2703
4688
7922
2325
397
7549
4145
6692
148
1401
2033
4694
8674
2858
6845
2499
137
438
762
9092
3293
7464
5641
1640
3557
6372
8331
7926
2991
8448
7840
3333
8365
7812
4993
8069
117
43
3094
2518
2879
4328
6190
9242
9182
1677
973
6930
9988
5608
3569
287
4284
2699
9298
5622
9401
6573
5466
5940
9892
2502
7855
258
1144
2167
4525
2948
5355
1128
5439
448
9325
9994
6359
6790
7188
5338
5749
6540
4836
7002
8990
4293
5909
3882
498
5781
1490
4468
4852
595
2733
2802
9956
9288
2251
1612
9020
5944
4588
4261
8272
3787
6301
9483
2384
554
5881
5874
6545
9820
77
7235
7923
4369
4336
9975
8162
6886
185
4949
4582
7756
5095
5539
9738
4593
695
6134
2308
7028
3963
9327
1304
9016
9584
4104
4246
1359
7445
2697
1500
9130
2854
8108
9876
1851
4904
902
574
822
8313
8628
7263
1880
4480
3248
6853
9846
666
4793
1105
1451
1416
7358
7764
6456
402
9962
6201
6681
5829
5710
2495
9417
5004
802
2127
2075
5826
3982
9574
348
6694
4853
2970
8318
2201
8581
6725
3571
8303
7929
4614
4111
6914
318
1758
9485
4162
7992
5273
5716
6277
9605
6758
8875
1754
2881
9703
4671
9046
40
5269
9106
1181
5452
9556
9631
169
1667
5637
2663
1967
6377
1513
6078
7983
9660
7135
2422
8685
63
7527
9521
9912
6307
4594
4089
7602
4753
3312
6053
9402
4804
6063
8538
8252
9802
360
8745
6489
6324
1474
7673
7020
4176
560
6851
6625
4091
8167
8005
5
7960
2621
4908
8828
127
7594
3394
968
9648
9501
3893
8218
4548
2209
932
4200
7615
1221
5591
9457
4308
5450
5612
1214
5553
2989
3955
7243
8141
9438
4423
309
3815
8923
5900
4988
3961
9984
2489
176
9012
3939
3149
7781
8657
7405
9684
9406
8686
4725
178
6091
5456
5943
7699
8732
2752
805
5875
7534
5264
7314
5258
2973
458
6164
2482
1946
4519
1552
155
6685
6561
6527
6367
7607
856
3997
1739
3729
7352
3623
3959
2963
6432
8132
8086
80
7334
7086
5217
1042
3644
6470
420
1032
7715
6141
3743
5286
4122
5037
9970
6060
9811
9662
7709
5342
5359
2171
2081
2612
5806
7981
8592
8012
4861
2541
3419
6001
2281
9699
3253
2673
3605
6265
4270
7195
7690
5333
7431
3590
2622
1755
5025
2311
4061
8133
141
8949
8328
7061
8131
9432
8959
5110
1295
8508
4657
8009
832
2279
8316
8293
9317
4718
2883
6867
8062
7663
3641
7979
2512
2924
7029
5188
4976
7065
3813
2931
2954
8975
7828
4818
8902
8855
344
9372
944
6807
2984
2551
444
1503
1348
945
9187
1904
7132
7969
8067
916
4514
6894
851
6603
2994
2298
6704
6649
9557
1395
6780
6923
9712
9819
5099
8106
3504
2415
5549
3529
7825
8091
7870
7194
3493
8912
5762
9384
9935
2395
7497
3011
3384
5791
2297
2904
6509
4298
5568
1069
345
3837
2438
9441
95
6760
8178
1776
7167
6203
5953
4389
7121
8256
4285
2066
5818
3818
388
4172
8470
1011
6333
2493
47
9930
3416
7875
572
207
7742
3945
4913
4436
7698
8183
6798
6222
8755
5065
8000
6153
2993
8412
3236
8898
9315
6120
2771
1859
5763
6079
5538
2219
5765
255
6793
2611
3555
7891
3993
252
1780
2011
8013
9908
1186
3432
1020
3971
4653
7583
8404
9397
8333
739
5145
1037
8693
75
7643
2591
5778
7151
3494
2392
4127
8935
1660
4679
4010
114
5626
4958
3552
5541
5542
2323
2141
7990
6074
3907
2475
5859
9314
7818
5772
1355
1320
2288
4780
5731
4187
1953
5751
9728
2143
7911
5938
1231
8505
4193
5877
5653
8846
7274
9539
3330
418
2955
9690
3446
8345
8355
2671
3172
2721
1208
9945
556
9259
1336
569
7308
1316
4385
7831
4674
138
7513
4833
7685
3587
9362
3797
6450
7026
6163
1983
3112
4129
6555
6140
8692
709
6822
6475
8751
2601
4455
1050
3497
120
1254
6917
4338
6334
9532
9906
3898
1655
1788
6671
724
8374
8940
9635
4288
198
4617
7104
6736
5314
2055
5302
2820
60
452
3869
236
3125
7280
9902
8273
6469
1814
6339
2578
3028
4612
510
8851
8903
6240
431
1013
9688
6581
853
3020
2106
2620
5395
4170
9741
5504
2937
1738
5777
3784
1426
9332
9376
3252
1872
9114
1406
7982
6569
4963
1263
4387
5128
3225
9933
4194
9129
1947
9636
2507
229
7648
7745
600
4180
1376
7835
1444
4985
4485
1178
8046
1841
540
3622
7557
5176
2515
305
7989
285
1108
182
5895
8708
265
9667
9524
1753
280
3335
1136
5917
1380
8094
9927
3831
2537
5064
4076
5969
5669
1131
1428
8276
846
940
4714
3364
8715
9843
7240
4260
8353
1940
8471
5076
7488
5996
2992
3108
3032
5652
5910
8521
3046
3424
2651
7641
610
2020
225
4817
7014
7644
2936
9824
4639
6159
3575
3018
8603
9082
1130
8565
7716
3702
8810
8823
5472
2074
1665
1796
2244
7491
5437
7078
6045
5936
6954
519
350
7300
1844
97
482
827
9835
4126
4767
4840
667
2021
7356
1245
7744
8787
7777
1400
9117
6460
2508
4138
195
8454
7108
5253
7133
4823
292
4483
2425
240
7589
590
8549
483
4333
559
570
1603
2263
4625
3324
9029
7389
8720
1607
4487
4356
7075
1663
2286
6796
9489
8893
7576
8327
2241
1419
3933
2333
609
2546
9476
5331
3475
6898
3500
3470
9783
966
8867
5934
1623
4860
8287
2043
8964
976
7539
6642
61
5483
9580
3905
2206
3402
3472
308
4329
5415
981
9851
331
2400
2291
4867
6023
7471
6188
9302
7302
1574
5899
3407
490
6665
6409
9891
528
5642
8852
697
9236
9344
5126
6370
6396
8566
5572
5023
678
4661
262
8782
7773
124
4429
8473
6210
5878
9865
1412
3290
6225
6872
1912
8665
2788
7622
5067
4712
7175
9705
1424
2911
8409
8804
2624
8308
5177
1123
1639
7418
5802
5798
7561
1876
1613
2756
9963
5633
3491
1706
7634
3662
4723
6117
8567
1064
4011
5358
8045
5700
1180
9207
2243
4397
8838
2151
3674
2834
1487
8670
9316
4217
7947
8018
2255
9587
7820
5656
273
8206
5739
9683
7350
8258
1932
1920
2347
9498
4562
4107
3014
6158
1255
234
9618
7327
7258
6291
6533
3282
9604
5525
7124
799
7364
9056
3314
4626
8895
4615
4881
455
3917
1267
5552
1502
8980
4184
1609
1969
5045
9616
9098
4474
8900
6919
5634
6224
9137
3026
411
3386
4269
3239
6180
1215
6979
1236
7842
4279
8408
1534
7588
6944
7553
8764
6906
674
9309
2154
6174
7567
4880
7892
6910
9955
7694
7
6558
290
3336
6883
7901
5146
910
8423
6832
5554
6747
4095
9829
2800
9513
3658
4675
3043
4961
6512
4377
5429
3926
8866
7864
992
2001
2383
326
1463
8640
5613
6885
9745
5191
4598
6810
5015
8562
9711
8310
8362
1645
5551
7611
2025
663
8495
907
6246
1759
4134
3891
7774
575
4762
9051
8789
9458
3936
7392
524
7603
5029
9737
4650
954
3409
7700
6088
8317
5147
4185
9867
7684
5985
364
5767
6617
3525
2097
8546
5573
8733
7519
7287
5836
9789
9145
1546
6582
4557
5815
4529
635
6487
6033
8339
6839
6672
2694
5135
358
8698
6788
2453
869
2435
6257
4440
1644
2570
5086
3481
539
87
9697
2445
7964
5883
4845
2519
5369
5473
6103
327
4146
5019
2017
1521
8440
3611
5495
7374
2895
9174
3338
1286
1259
3499
6329
5980
3292
257
4118
3535
461
7359
7437
8475
9978
7626
2761
2430
7785
4406
9435
370
7554
8109
1298
8241
1697
1459
4435
8767
7605
6834
8939
3824
2142
218
4339
1615
6784
8294
4213
8709
5414
7702
6378
8078
1952
8650
8452
2312
9746
7262
684
6065
140
9934
9449
3100
9917
9350
2013
8594
1524
9024
4286
5932
2313
8274
1465
5464
5290
5032
4820
8222
2023
5237
208
2202
1846
4917
303
310
7711
1054
3275
7134
4171
2184
2041
9414
3297
4456
9033
7805
7721
1323
5946
1634
8071
8171
9664
7617
8023
468
3079
9686
5819
11
6623
3069
2393
6799
4763
813
1911
6915
4254
5863
4364
175
4077
6985
2460
8299
3715
1230
8447
3302
4447
677
2159
6413
676
5380
4043
4028
9125
2769
365
210
6521
5136
4798
9850
1273
1124
933
9586
4532
4168
6267
2687
3732
8617
8553
4344
5068
4136
3897
4353
6703
1139
4155
922
5243
9989
1199
5567
6950
7048
7821
2200
3003
7054
1321
6710
9857
9170
4060
3296
3340
5941
8053
5835
592
5725
8322
8111
2178
1225
7940
5040
5370
2006
4346
4350
2233
5975
3550
4752
4259
3321
9027
6856
2822
1452
1160
7083
2049
2300
2072
1987
3135
2571
1934
8061
312
9924
38
2932
7331
293
8802
3138
2522
3865
4211
7555
1962
3698
2316
4696
1666
1733
6161
3501
5983
1041
3921
5805
3519
8220
228
3660
1688
3913
8174
9575
849
1234
5690
5328
8746
6619
8530
2862
5828
3593
5879
1262
4844
7016
3388
7844
1889
6386
1015
4770
7056
6338
534
2336
3175
1206
6352
7738
5497
1585
9879
745
8033
2719
5979
3890
3779
6348
3653
8615
5699
9991
4741
129
7363
4312
3254
3630
5175
2031
2864
4099
9201
8713
4759
8119
8534
6116
9339
7874
4461
5566
2689
6706
8433
8099
3427
6297
727
1516
5271
5557
2631
6245
3487
1456
7275
3271
5402
874
4022
9239
7149
6275
3985
2319
5501
8160
2586
3347
7306
5361
2418
6939
6823
6062
5401
6812
9558
1865
1749
5227
6313
6463
4161
970
6778
5719
983
3217
7439
1135
4310
4527
3060
162
9155
2009
3019
962
7197
557
7566
6808
5332
5966
5867
9381
4358
8352
5852
4271
2861
6300
3545
6302
8421
2957
2212
8651
7753
658
7856
2012
8907
2889
7704
6261
2900
2126
552
6924
3440
6007
2302
6559
3960
2681
2280
2632
4736
8888
3634
7372
5470
4847
9510
2484
2604
4673
9199
2565
3235
6929
6373
1346
5430
7547
8058
8456
9748
5301
4547
9815
4874
7910
1174
1004
4990
4700
4018
81
170
9562
2491
7795
3646
4453
8431
9312
5454
3441
841
3537
1062
4256
4997
4142
9162
5592
1333
5499
4564
9569
1931
3596
1300
8672
7898
3178
2089
8689
48
2309
71
8138
3488
7475
1168
4505
8158
9218
1493
866
1813
2707
6041
24
6958
8535
1324
2814
7311
5594
8123
454
2053
693
5097
2169
2845
5693
7129
8277
8426
9918
6189
4236
5804
4705
9022
5190
1708
751
1833
1017
35
6969
1422
4868
608
4054
2596
2791
4224
1548
4554
3426
5866
8901
3285
9552
8873
1714
491
9041
6879
6498
9623
6538
9123
5205
8186
7814
3984
9000
6607
4020
2670
1779
7660
2459
7614
8090
8234
4966
1650
3509
7535
2529
4664
6888
9389
5448
2548
9030
4515
1010
3978
2203
1091
4160
5266
9530
4222
9369
1766
1049
6829
1056
4014
6016
1031
110
4235
5841
4600
577
9165
1327
7157
9005
7999
2572
1243
3130
4301
7190
977
6494
9422
7265
8884
2446
2282
6080
6980
6473
450
3301
4396
6194
5702
9949
3099
2016
361
1166
8661
3789
550
8871
6411
2303
3342
6183
8748
9192
3804
3871
6427
8292
8514
5183
381
1499
5093
9875
1656
2952
4459
3051
9269
2136
4258
4640
8605
9210
1511
9651
8060
4750
3737
7045
6907
9942
6446
8341
2488
901
9825
7301
4708
2690
715
1958
1009
5478
8372
3303
4492
3067
969
8853
795
7384
6323
2836
4465
1857
8770
7010
184
2962
3118
9700
8858
2326
9179
8909
5304
8958
8496
3713
2069
5728
2731
1881
1175
9607
5107
6600
7337
8785
9730
3640
7371
5521
2029
7916
9910
8226
4410
7162
9396
5593
8397
9788
2404
6959
5417
5225
6968
3495
9265
7477
9464
708
5509
1933
4526
7097
2714
9189
4970
8286
1235
8778
923
6803
3379
2649
937
544
3762
6268
8029
6844
8402
823
6379
9856
2927
7857
94
2227
3902
3227
352
9159
1797
2918
9104
403
1614
2691
6068
2816
8181
5893
1460
9915
7934
7122
8711
680
3502
3316
1778
8399
3188
3770
1386
6830
2434
7670
1827
7787
8638
8059
8972
6511
259
9886
9184
6247
2101
7550
5947
445
1893
8849
3199
4906
2746
6421
3873
5311
2026
8550
379
3911
7043
9565
5121
2724
730
3462
618
4094
6107
3870
4208
3765
1089
8620
513
4083
714
8390
9359
7508
761
7778
5999
4999
7968
7632
9257
8666
8407
3062
9101
6601
7082
3969
3731
9538
171
4829
7272
9395
9668
8820
2909
8988
7472
3632
2956
7344
222
7727
8843
5293
1638
7432
3967
8563
380
1197
3479
854
2331
8377
3417
9914
6820
9021
5674
710
2961
8245
5906
2301
7710
7169
1194
9749
1102
1807
3443
1429
19
4890
158
4960
7640
564
191
6612
9194
7686
165
8219
5428
8786
8369
9579
269
6253
7933
5114
2396
9393
819
9419
7059
6734
6011
7064
3420
9223
1173
4738
1784
5962
2458
3599
6647
5861
2144
7688
2246
357
363
8166
3058
6854
9861
4478
3670
8798
936
2500
432
2478
4069
5924
9228
5363
3047
946
9280
5343
166
4590
7152
2153
7861
8684
9612
5306
4865
6963
214
4362
782
7759
6971
7267
5226
2429
949
4318
5845
9847
6664
7137
4683
4516
5685
8540
1668
2466
3636
9777
1527
5721
2389
9220
7580
2744
2175
2967
4227
4274
7642
8329
7599
5462
6025
3553
5918
1472
9682
8364
6827
4531
2490
5166
908
9067
6606
8800
7234
625
5494
9354
4613
8076
5897
6390
2158
7748
9469
5115
2125
7510
330
3430
5746
478
8722
7797
57
6318
9628
4062
8154
4875
5449
5116
4915
4502
3083
5576
5467
329
864
7609
8806
775
8769
1161
3214
2436
275
8461
4511
1252
6461
4508
4711
6340
1725
810
4292
1477
5030
1719
1959
270
4276
9052
5860
2647
3759
3712
2230
2975
5457
7102
965
3741
6493
2343
4251
504
1443
4953
2826
2701
3822
99
8781
675
2112
3141
4057
1277
5050
2874
1189
2193
7571
2658
4974
8413
1808
5801
9427
4968
6143
1398
3348
7382
6401
7706
9124
2386
6052
3400
6698
4068
6613
4416
2503
9726
1201
1777
877
7244
8671
1973
4434
8373
2259
7836
9951
1282
1233
649
6643
417
2284
7222
86
8788
9425
1476
6880
6568
8301
398
6097
5194
7596
8763
786
1471
2211
9952
1028
9583
9261
5970
896
8868
8613
6211
2322
102
5223
4158
566
7913
9096
8896
990
7185
7680
6835
5087
2150
107
9442
7286
7126
7946
2919
2179
5677
3045
7568
9060
4652
2941
871
9670
5619
1578
5840
8943
3480
2517
1427
6441
9499
8088
3461
6764
7290
4216
6622
8967
5442
4096
8232
7897
4405
1045
6759
4737
2906
88
3087
8844
4349
6554
756
6987
4139
8583
9862
30
347
8450
8085
7449
3250
9080
7849
887
7084
1241
2433
5476
376
2535
9243
9345
4769
2540
7369
6105
1809
8202
1573
5339
5471
9144
4363
4606
9998
5063
5649
9731
7762
855
8801
7730
3042
4785
9765
7496
543
7600
4247
9416
4438
8416
5012
1462
3668
5489
1312
9305
7408
2977
1437
6805
2194
7042
8977
7811
8462
7790
3929
470
4039
8860
2843
2363
425
2859
5844
6615
8758
5367
7676
297
6713
5379
9888
4879
42
298
6030
5507
5792
4667
3844
4858
2542
4378
5981
9905
181
421
9149
4159
7954
1356
3709
8063
2865
3205
1081
2358
1198
3057
8263
1921
3166
9544
8524
1729
645
6230
7448
9188
3168
5564
9349
4175
6467
4027
6034
5165
1555
4716
8799
2296
3602
8021
9073
555
5814
3263
9769
2964
9084
1237
7804
9048
3114
4177
2412
7608
3387
3851
9855
9753
2082
2556
9083
8506
1847
3044
6008
2856
865
4005
6412
4088
6902
5406
9173
6002
1025
1363
7659
9750
8025
5584
5373
5847
5285
1301
3355
7319
8488
9171
1590
8883
6999
8926
3106
3733
3884
3521
6676
9289
8934
1968
3284
7563
6932
3074
2148
7304
1742
6133
7270
7067
2976
221
1563
768
2170
9072
7737
7848
2560
8507
1977
4370
606
1372
794
9950
4509
3767
1023
4243
9657
6136
6288
9423
3209
6806
8741
3527
7248
7658
7950
7266
5207
4021
6752
8995
5793
9709
1425
6050
6356
9204
8479
9391
1514
7495
8343
6850
5770
669
7333
2702
8478
9456
9042
1523
9013
3206
8120
4732
7627
8719
8212
1974
2851
6466
1351
883
1486
7466
8856
9335
6716
8951
2812
8999
1448
4658
1765
8420
9238
5260
1802
8580
8743
8297
7406
8437
7987
2748
1646
4504
1653
8026
5616
5825
5811
2058
3084
9418
2595
8744
8493
6957
7815
3633
3469
8175
6435
9896
9590
1637
414
1315
2943
6684
9689
2695
5580
6430
1558
2084
2561
8383
4275
5113
8457
4929
6975
9203
8188
4946
9415
5493
788
2852
679
912
7638
7246
8180
2223
5766
5732
5119
9443
1998
836
8172
2599
4900
1712
7207
8182
6135
4319
6949
7879
4110
5152
387
1014
6738
7494
3024
3435
3522
7351
4372
5140
8772
1828
5520
6785
7381
152
3238
4559
4528
3242
8057
527
1602
2274
2774
4097
4470
3245
7859
4489
4443
1390
6272
7330
5528
7839
2950
8204
5447
3790
7388
7362
8002
5305
7170
9248
2390
4249
5034
6037
6382
1170
3445
1691
2972
5202
6814
8916
4394
5830
1405
538
1455
8879
2092
7450
9177
7965
7752
5706
212
5964
4724
6081
5248
8401
6279
3937
7047
7928
7521
844
8424
616
9760
5949
9716
4173
409
8326
2584
9399
8862
3164
9015
8140
2264
4186
7796
4895
6526
7148
9437
3095
8321
5308
3260
9001
6366
1826
2210
4739
2739
7647
906
8149
626
5213
2437
7657
9444
7238
2577
8854
8515
6931
6825
4944
6113
4846
463
8200
978
199
8501
4210
1858
7114
8526
5968
9842
340
3145
1868
3547
3728
1226
1579
3859
5595
4553
9740
4632
717
6349
2419
233
6727
4401
7882
1891
9646
4019
5376
2872
4063
3478
3826
7865
5701
33
1007
8601
1670
5678
6572
9347
2371
8548
4220
5300
1311
7921
9068
72
3516
6887
4038
8604
7963
3401
7164
8991
5144
6347
8791
6616
2295
2562
2063
9773
4938
1669
5341
5782
5204
5189
343
1418
5911
3564
4419
8927
6375
9606
8994
6529
6523
9491
2411
4950
1319
5445
6256
2644
1570
1756
5889
4334
333
3031
8739
2766
167
8153
4314
4965
2688
3850
4137
3437
325
4933
6015
7335
3772
3241
4207
4245
5484
3113
5151
3829
3835
2249
6749
7590
1121
8942
6597
8208
5698
3086
5465
9576
1935
7977
5297
7282
314
7961
1834
7119
5928
393
8985
8049
1354
5915
5896
6393
8356
838
1268
2375
7824
7736
8765
4830
1594
5240
829
4597
1831
6290
2028
3081
637
1098
4733
2513
248
7232
9564
8874
2457
5715
2667
6731
2922
6137
1447
4384
2401
2342
3
3688
4153
4837
4641
3373
8921
6990
5760
7907
6309
5435
5150
5959
7939
2938
2890
686
7226
2539
1782
245
7654
8034
2871
8543
2979
6584
8077
3119
5705
5726
5230
5644
5276
4106
9937
8623
7474
8817
4152
1700
9303
2007
2796
8694
6610
1079
4048
917
2901
9642
8312
1848
3215
7573
9554
4490
3210
2520
4843
6449
9375
5588
1182
3078
4367
6782
3431
5187
3952
8859
1383
8151
5026
4497
8302
6667
5933
979
6039
9610
9319
3033
5880
3558
7991
1076
2018
2351
6205
8410
4518
8714
7868
74
6032
1229
4864
3444
7144
7664
895
9547
4426
9959
1212
2749
1172
2878
7156
6043
2278
1113
4978
1923
149
9757
2566
3540
8635
4627
250
3351
4321
956
3048
951
4803
4854
4748
2857
317
2357
1970
2799
7794
9324
2903
9673
9993
9871
5372
8037
1217
4669
3627
3598
3749
8248
2166
4715
6423
6157
3707
4969
1643
5412
4745
3146
5195
7094
5257
960
126
6712
7203
9031
6941
3631
5822
5851
8747
6756
1242
3436
6400
3415
1600
9854
6748
1038
7620
2287
7863
4472
2804
2593
6259
2317
9161
8336
930
740
1266
7106
3184
3724
2152
4422
721
4520
9227
9938
6786
5660
241
5400
135
9543
3105
7509
8699
1869
2414
2581
948
5185
7089
5744
2625
6322
3649
2494
84
3841
2426
7537
3838
3203
3964
3460
7758
5163
2608
878
6702
1498
3679
9472
8315
6425
9999
7530
580
2784
6926
8442
7343
850
7743
884
6215
4825
5362
392
4746
9643
2974
36
7786
2162
1177
812
7212
416
652
9804
3131
548
1358
9645
8716
4289
1885
2982
9049
8827
9799
462
9151
5876
2410
4975
1086
4851
18
2544
9528
9266
3887
8558
2594
9621
8048
8842
9277
9237
6659
9075
7628
6953
6445
4842
9901
2473
1627
6858
6146
5986
9158
4645
473
9363
6075
5488
7297
9337
8573
6937
7299
7400
1275
1157
2648
6280
291
5680
2409
8954
2367
3090
733
3977
3374
1942
1058
2806
5679
8557
6444
1815
6998
7309
76
1845
3621
6757
3975
2777
2815
7900
847
5795
2914
1930
9403
8360
4563
5931
9634
1308
336
8214
9141
5689
9164
9267
6595
588
4905
8198
187
7250
9609
5490
113
2770
6783
5024
5061
6178
6591
9996
6718
6891
8833
980
3745
2530
9957
7357
8777
3053
6167
6422
7441
6644
8682
6308
781
2176
6657
1757
1109
5270
160
5973
8619
2254
6520
396
7755
5561
2135
506
8015
3566
1674
967
9784
9340
1057
9074
2181
4351
7193
1232
9965
8502
2448
955
8575
2236
7453
271
7116
4331
4322
3655
8191
4345
6345
632
2455
4601
477
3725
2366
1997
29
8974
6838
9785
8323
4354
6115
9433
2866
3808
9410
9477
1059
9572
9486
1896
3880
8427
419
5044
5872
2706
783
2376
3628
8193
46
7695
174
3720
4488
3511
7955
3381
7723
7480
5261
3030
9313
4983
5337
8631
2985
1067
3579
2501
6271
4916
4907
7098
1922
3382
5692
6645
7942
6500
5810
1774
6889
2361
578
927
7253
6503
6562
4078
6284
3814
371
9581
5540
1659
3652
9224
8981
247
2352
9291
1622
1505
7214
7256
408
2052
6357
8510
9079
1169
1805
3450
8319
3212
1292
3468
1072
3693
8683
5071
9732
1995
3473
3002
1591
2130
9205
1873
413
9868
3661
5506
6779
2928
6209
7656
7587
4081
6004
2405
6674
9333
8644
6431
5890
8560
6994
1047
7001
4086
7852
8185
4932
4643
8083
4003
479
4079
4848
7058
3812
4108
9213
4335
1531
9367
1150
5094
5855
6632
1001
3868
8611
7111
8113
9916
2891
5695
2067
5440
9127
6439
9629
2538
2533
3201
8278
5164
3962
8238
31
1112
1838
7986
718
4036
2768
8731
429
1145
3442
4017
7323
5558
4702
671
2487
4982
9839
4006
1491
3458
1402
4766
8432
6192
4375
4549
3877
7733
1743
7499
1581
8687
5864
6977
4024
8933
4902
7062
4774
6537
2213
6126
1822
7500
660
4522
335
8663
1596
4940
4834
7625
6868
886
4779
9795
535
3463
7881
9594
394
929
3976
4294
3637
6890
9659
7281
3613
8354
1812
17
9529
7397
6563
3261
1823
2355
2679
3654
500
9620
354
9983
7095
4225
3991
4252
6263
7215
7906
509
7322
6316
1705
5687
6094
8878
4460
8845
9480
7867
581
623
3385
3457
7556
2786
6453
7361
163
8498
9516
5267
5611
7229
9448
6414
7532
2659
5426
6488
4373
6874
4008
2760
6465
2444
7088
3279
7202
2532
6018
3425
2837
9550
5206
4662
1421
9926
3651
5707
8497
1611
8324
5130
2831
9231
2700
4469
647
5681
2850
7817
6024
5544
2099
4635
4630
2516
9919
5323
5278
5783
1943
1926
9578
1016
7313
6353
5138
8797
1378
8079
1506
4816
3914
8311
8881
2656
6863
1795
3810
4206
9070
8885
6087
3232
6481
2070
9863
9542
9650
5581
9729
9380
3573
194
7394
5570
4690
6232
3038
8984
391
8396
3629
1553
8444
9671
6086
3104
6071
6085
7598
299
2190
2078
7360
2004
2615
161
5210
5427
3595
4862
6112
1159
6206
6777
4729
2225
7221
3039
2147
2618
5655
34
6237
9920
6849
1318
4415
4348
3597
533
8971
1964
4784
5496
982
4070
3200
7705
5038
5224
1497
3582
8712
5058
1297
5560
4566
3533
9152
9496
5451
4392
6364
4777
213
8458
837
1352
6546
3748
5601
4775
8705
9717
8344
1129
2682
7021
7883
5508
7069
1790
5424
6637
5155
7813
1330
8382
4201
9894
91
6519
9002
1220
1544
993
4174
2477
7277
4541
8749
2664
2505
5974
4361
576
2583
1152
1205
4409
3317
9107
9837
9230
735
5436
25
6184
3393
9169
3781
6049
7545
705
8805
3471
349
9675
6575
8236
7585
7467
2002
7771
6317
7390
5776
3510
2305
861
2821
485
6688
729
4390
6250
3449
2939
8142
9233
9681
3354
4067
439
5123
7731
1142
6056
2228
7890
9331
9430
8189
1856
3255
3755
2525
7147
1120
2182
7112
6878
9447
6578
5345
7074
1274
8439
7851
3216
6522
8348
5589
1464
5443
2087
4510
5469
9502
8268
3264
7845
183
156
804
253
3925
12
6443
8320
909
5327
5209
1043
8135
2947
3840
5738
586
8700
3059
1855
5083
5006
4721
3751
5298
2839
3377
1840
6531
7732
49
20
3451
2424
6687
8393
8996
1900
5420
5407
4701
1442
2662
2811
2
6241
7298
9966
1478
6351
6836
5075
5865
9954
7109
5250
7592
1449
6346
8145
4922
3927
1710
8483
32
3563
2824
8014
3369
1618
8192
2083
3682
6304
9284
736
5752
5088
4029
5515
6057
3642
5820
4388
5740
4215
2185
6235
1954
3274
2642
2062
10
3771
8986
921
8762
514
5492
3332
7179
2680
6701
4035
6013
7799
457
6882
8296
4055
8997
9968
2056
4202
8626
4734
6428
3349
471
9553
7577
4121
8616
9296
4007
6325
9274
8398
5399
3861
3666
8920
6658
2294
3322
7241
7623
2732
6965
7760
5635
2997
3334
3534
2686
8280
9973
6031
443
2868
7247
605
320
4604
801
8554
8910
2737
6585
1475
9882
4050
7630
2032
9904
3363
8004
7455
8544
1545
1617
7763
1423
5615
4561
2660
1543
1326
7546
9723
8102
958
5648
1878
3277
3523
4810
8880
3365
764
587
6596
582
2492
7559
5624
7789
502
7310
8525
3800
9134
6678
3328
2337
5197
4241
6636
3999
9655
3586
9859
1107
3531
2785
7130
7846
2738
1106
5812
2119
627
133
7801
9028
4910
4624
1183
3498
3144
2461
9638
6295
3267
3734
742
9364
5446
122
4001
1239
3760
2590
7341
7671
6403
1633
6363
3464
1344
7049
5961
5711
541
5078
4012
3508
8539
3881
9342
6130
7283
2867
9694
3359
4911
9470
9175
7173
395
4368
2427
3567
7402
1620
8831
9752
8289
467
339
1761
7090
372
3958
6223
6583
3170
5241
796
5364
1381
5252
7661
3520
4507
6869
8662
6770
3077
997
9841
8639
2877
3438
891
2299
9708
9630
7426
1289
8612
7349
1569
894
484
7809
4919
1918
3543
2221
1695
6244
65
6019
6599
6292
8877
168
5079
3266
7803
4596
7031
7908
7032
5730
435
1191
2114
2534
5310
215
6242
1185
6978
8658
2353
3276
6238
8861
9598
5756
9844
7847
4903
1070
5824
2442
9929
6305
226
9747
4676
2506
6789
8917
7522
5098
8865
9282
4316
276
4551
7355
5919
561
1328
5234
935
3299
8793
9097
5518
4655
8095
7018
4651
6483
3311
8952
1093
8914
9019
6956
3065
4491
6618
5112
3122
9454
1800
4931
3657
3265
2728
8187
6680
6557
3922
3187
9008
628
7154
1368
4143
3356
6480
111
4164
8677
481
5948
4713
8750
4073
7741
8527
9017
9181
7490
571
5022
1810
8973
404
562
3257
1854
573
2848
7420
5907
2064
3773
6579
670
3380
9132
139
8056
5199
952
8924
8
69
3012
5769
5524
3909
5667
3280
7038
3735
1036
5171
6892
1002
7807
8468
8144
4132
334
4013
8136
4663
7674
1927
5741
9515
1636
5251
4707
5096
3757
9696
5336
6106
1879
9183
7895
274
6843
8794
2665
7941
8578
3570
5530
8701
3052
6723
5640
4320
5720
2441
9923
9484
2290
9004
9328
6735
1913
622
7218
3150
7578
105
8523
9775
6912
2825
2140
1760
585
7997
294
5771
6751
2271
8279
2685
1126
67
2896
8522
3711
3370
2827
5578
3186
3825
2008
9090
7046
7057
6132
2869
2907
8270
5868
9358
7192
644
809
8710
7303
9679
3176
3383
5018
8783
1399
4218
1763
316
2813
9958
1440
6543
3410
8221
9006
6404
8474
7528
639
6127
6098
2655
7788
9756
9446
2610
6054
9076
3747
1193
5062
6350
2068
9573
3421
5474
8634
2231
7312
8824
4398
3411
5945
3198
9593
1537
7877
3329
4226
2447
4058
9821
8305
9874
7697
235
2481
2627
8043
9065
3085
6179
3221
4495
1850
5550
9559
4506
7143
7468
8164
8050
9520
5077
6496
4376
3339
5989
1832
5577
3856
6026
2550
3954
5392
3910
9118
1099
5921
7230
9434
8001
6454
8425
4340
7712
5272
8504
5800
3561
489
6303
7853
8438
4476
7754
5736
3750
9941
5014
1075
1963
3635
3609
5787
5129
3906
2156
2131
583
5348
2079
5221
7470
1104
617
6200
8552
3337
3722
1272
598
2129
9377
6567
1871
1337
685
9357
9706
390
3262
3544
7893
5196
4605
8044
7004
2428
7948
985
1408
9763
8753
2527
1529
2946
8839
5848
5212
6405
1727
4524
7189
1884
5491
8055
1364
9595
4085
5753
8779
6899
7629
3515
5381
6407
3690
8127
3589
9719
6486
1097
1888
6936
2554
824
251
8122
8725
101
2988
1518
8808
9546
5662
8829
2248
5039
3979
8104
925
1928
5419
6082
9178
4280
4973
2349
8906
7285
1110
6109
6517
9066
4205
434
4749
4827
1117
520
7562
2073
302
9772
4885
7633
7072
3484
8728
9217
6670
3143
964
5505
3231
488
200
579
3222
7489
9461
8137
7187
6258
9091
1565
5712
1430
6605
3676
4747
4204
3315
7618
1101
1564
6715
6298
8807
9813
7292
7227
9674
998
8503
4052
9761
7782
691
4731
338
8006
5368
3619
3684
516
7217
2996
3192
6654
4221
2677
6472
2000
4130
1648
5070
5894
6296
6162
9751
4771
4473
7066
9346
1978
9370
5382
2226
1288
453
8237
1027
1187
5425
5159
9341
9931
6755
8577
9143
6479
2107
4595
5742
7769
4371
9661
9256
4644
4191
3782
9481
2214
5168
4735
9895
9677
8857
3895
9045
6962
7291
1694
3160
9272
653
7103
6154
5322
2467
3965
5104
748
9658
1908
8118
7597
9216
4357
6497
8887
5533
1073
9094
1750
5657
2220
6270
8285
9517
1687
1094
9329
4479
9497
825
6515
2674
2603
790
8298
4571
9148
5158
7586
9704
4995
5167
2552
321
5321
6380
6518
9166
2528
6175
6896
5468
5871
4255
1433
7729
496
2030
3899
5340
4914
7006
5179
703
7591
9232
3452
6343
3710
882
6547
1898
3309
7386
9431
4918
8976
6673
6048
511
1088
8368
4687
7340
8371
6871
9801
9191
7802
9695
2987
2514
3361
1696
4306
5389
5091
6173
536
3313
9687
2661
4936
3920
3025
888
2432
7219
9003
8251
5670
2783
4539
6761
7176
3530
319
7483
7479
3244
1
6641
4805
423
6077
499
7878
4587
2037
9585
5315
4309
8659
5816
4730
3289
4140
911
9373
3761
589
3456
926
2567
8597
7407
4523
4265
2757
8618
1747
9972
9307
9523
6070
5080
6128
3405
6769
5734
1811
5016
9176
9103
7172
304
3230
1635
8233
5904
2247
2157
362
8434
7320
8740
9698
6996
5598
3161
5282
1551
3404
3455
8759
4342
1561
1005
5275
1365
2830
1821
9321
700
2456
307
4877
3689
1200
563
1270
7996
4154
2124
1689
6101
4199
3288
8690
3940
5729
5535
2568
7925
597
6044
6828
7951
154
6036
8946
3139
6371
367
7012
7772
765
130
5408
1803
8283
7558
6650
1629
9281
9229
546
7850
2905
6908
2630
9969
5718
1140
1910
2840
2654
9873
784
7886
4250
7409
2044
4760
6797
4787
7224
3240
6524
5383
7419
1683
7718
732
2431
4636
4167
8052
5325
78
8490
6942
3795
4920
5041
5239
9099
2348
3738
7485
7751
5215
6150
8391
9426
7117
8264
3811
6679
3482
8834
5956
8882
749
4182
5438
7007
3088
5675
4744
9925
3994
7416
7380
2510
3956
8370
9940
4692
1610
2913
1246
7348
6884
7574
9887
4928
6967
9619
4053
1804
5527
2863
2876
9980
5937
5122
9035
8886
7460
6073
3792
267
7370
531
3581
9508
8979
5053
9081
5958
2256
3723
9200
3990
689
3147
6801
5220
7937
8430
1651
3064
7294
9691
5042
6549
9295
2232
8818
8675
5106
249
6875
4374
3974
3103
1717
9263
2368
547
2886
9806
4616
5534
8691
5623
1307
2307
7180
5482
2805
4277
2916
2759
3412
8116
9733
9286
7713
5759
6831
5356
9353
8723
5537
7264
4893
9379
6067
2270
5976
3344
5069
9368
2293
612
636
1006
6566
227
7823
5963
3966
1012
3894
8499
3864
89
7342
5228
8459
7970
5643
7041
942
6993
2653
7015
604
6970
4628
3588
7023
9511
800
1720
873
7967
5522
2921
3794
3935
4668
9535
8568
1939
4123
2817
2587
8655
6551
9770
5647
9185
9459
5786
2678
7328
3719
1080
3726
4873
9086
92
4728
1737
4610
2782
9219
9455
1628
9796
6945
3791
743
1816
7884
7128
5245
4133
2076
7091
6590
2767
382
5222
3769
2094
3665
2833
5903
7750
6286
6696
5582
9412
7606
6156
1919
4882
7834
2268
5926
2751
108
8477
7452
1724
4360
3182
1018
4240
3788
1773
3246
774
1021
3358
7204
5141
9157
5180
1985
2379
1842
8813
2968
7783
5967
90
3756
2341
5565
487
5036
2160
9570
7368
6928
9637
3663
3866
7806
777
1410
8667
1480
3016
7225
8776
1791
5005
2010
5745
4413
6966
2486
8632
4501
1515
7854
2285
8528
1285
9294
2168
6982
2022
28
3554
9766
59
5242
7430
5955
5965
7958
426
2237
2172
401
7100
9743
4209
3805
8760
22
1434
6282
410
6913
3659
6198
8347
3672
1787
2116
1794
3423
1238
4450
2742
4572
5460
1909
1195
4000
5162
9809
808
4891
6754
8998
5977
3396
7063
447
5303
2338
760
8419
641
9669
5000
1203
324
1571
6336
897
526
6389
5153
4768
4719
4743
2118
8517
5799
5916
3477
1294
6964
3903
2188
4300
1138
5600
2387
2623
2362
3270
1870
1867
8228
3350
9405
9310
2709
3648
1030
9787
4575
8629
4660
8653
8614
4659
1894
7019
4799
9460
5842
4930
9390
4421
8213
9156
7412
9890
375
4290
9301
1740
4542
7548
9
870
449
875
8300
3931
5054
5280
4026
4892
3034
2204
6419
2454
3538
1360
7087
8400
8306
3072
1414
9947
5832
8281
3295
5645
2464
5516
6577
1801
7725
6507
620
2580
8905
4119
8625
6669
3989
7259
4428
6909
9234
2841
3390
3226
4295
1916
2216
2951
657
5982
9794
879
2472
3041
4219
6920
8494
8395
681
2605
7978
7027
8065
465
8107
6214
5178
2998
6342
4923
8648
2819
4030
1184
9537
999
8098
231
1218
2060
9445
2272
4567
6142
6693
6027
7538
5849
7005
7093
1982
8070
5827
1517
3700
1698
7423
9832
2452
6816
1202
3157
3429
5755
223
6646
7784
7071
8096
3639
8205
216
1040
8129
2557
9071
9653
9385
9549
7073
3211
238
2388
1584
4307
8957
2846
8595
1862
3828
2423
8696
5691
9352
4943
1379
3949
3548
6535
4471
4568
383
4109
2224
8064
6040
6355
6514
6813
4380
6186
6740
1866
6855
793
493
4404
7035
8295
4496
8195
7984
6746
7105
7174
1281
3714
662
1204
6462
738
2576
3124
9860
6865
3229
2559
6895
7779
2884
5181
8492
5120
1679
98
3127
3776
5365
4297
6893
3132
6768
2229
4381
3942
8072
8511
21
7511
2754
9014
189
5665
6635
3091
6384
459
8602
1061
5156
1770
5254
3102
7425
6139
8335
1482
7354
1721
4703
8290
2370
3626
3716
8736
5003
1276
1686
4444
6187
9208
6864
3327
1768
8703
3675
6327
8125
5671
4689
4332
456
7484
989
5174
9830
3517
3448
315
1530
2061
8147
1849
4647
8169
5517
177
7971
6505
7044
3604
6207
7768
2113
337
2734
9936
7208
7866
9383
7952
6927
2803
1744
7903
2397
8937
9779
7465
1317
755
4573
8590
5988
5046
211
7261
8385
8890
5100
424
289
1519
3916
377
3803
5901
6609
3162
8357
9597
4267
2340
7478
6510
6276
565
8812
779
6614
9640
1279
9462
190
5048
3287
4814
7579
9279
3643
5807
4776
3134
7410
7052
7959
5646
6611
702
1901
7469
1063
8446
6697
2598
9710
6972
6452
5133
2283
8414
5148
3585
5109
5789
4603
6208
9249
6100
3574
2276
6624
8349
8216
7993
7401
1445
9852
9468
5596
4788
6876
9009
2104
4592
5717
2183
3268
941
4570
8152
8630
3140
9504
4282
8673
7160
2923
8724
2443
741
3126
5186
4147
5803
9186
8919
9987
638
3283
4761
848
767
5313
1625
4586
5664
8892
4765
8627
3683
6330
8864
9411
8541
4697
7683
5284
6711
1897
9897
7551
2521
4537
9150
2912
737
2155
3345
7443
3727
9791
3169
2239
9290
4144
8030
5952
3857
9922
2818
3708
3946
725
1082
7747
7915
9613
7473
7514
1068
3753
6177
9255
7775
9838
8556
1393
5017
7213
8217
3855
8572
4500
4684
3885
6368
4546
7565
2161
1907
1767
7872
8532
9666
264
4025
6862
116
1338
885
2929
1861
5546
2103
9311
7800
6416
2177
2439
8472
3037
1996
6278
4157
4576
3944
6476
6028
7791
3310
3744
2470
1980
6433
3158
3819
723
655
8054
2145
6195
2137
4980
2930
4411
5059
5882
2917
5294
8836
785
9105
1604
7734
9834
2222
5606
3986
4726
9596
4272
5170
3607
7649
2485
5013
3924
9064
2024
3951
1684
7444
6169
9762
8150
7728
50
2346
4481
6922
5481
6471
6248
6420
8100
4037
5498
503
6655
386
406
9109
5001
2350
9252
602
3183
5723
5683
2838
7161
2575
2740
1991
6111
1029
1394
7271
2100
7957
3752
4897
4242
7040
405
1775
5085
2275
7025
3950
3801
5709
5329
7396
8375
7003
1396
5808
6973
37
8717
2122
880
7413
9790
8576
8929
279
6653
3777
6402
6824
4462
9138
3096
7034
2764
4475
5939
263
972
281
6604
8031
8768
2238
3821
6857
2636
719
2497
4278
3398
803
5735
7681
5375
4064
368
5404
6648
852
8394
1914
1917
9548
893
7442
6005
5597
5773
2729
2096
1127
6029
1681
1549
1944
4467
1882
7435
9348
2065
4425
5397
8680
5263
3070
2102
5247
7837
3706
3128
2718
1616
2133
6385
2582
624
8938
1249
988
9624
758
3357
3193
4947
4783
5857
4454
2324
3968
1672
1227
7601
1024
9817
7595
8271
6361
4646
5713
690
3068
6837
5255
8531
4797
7720
6155
4040
8288
9858
6055
230
9039
1843
806
4629
4899
8536
7679
3843
1371
859
1941
5957
2496
8752
427
4979
1899
596
734
6145
142
9797
7107
8589
6374
7610
6090
4720
3746
1388
3372
3763
9061
4075
9488
1539
6424
8850
8066
9735
8754
1734
9509
6608
9050
4691
2359
6399
9463
8210
6328
93
6729
4231
4954
6762
1507
3862
8325
224
8269
3766
9848
3995
1915
4955
6852
9100
1496
4244
7345
6281
4087
4709
1303
1824
3071
1772
9493
2684
3120
4393
4379
5519
8184
6129
1065
5089
2723
9878
2765
6344
7315
2953
2898
1153
1046
3196
7079
4169
8087
567
9436
6983
4486
3492
5344
7123
6709
6629
7459
8537
6455
4325
8968
5292
2057
5084
70
1495
4621
3681
2920
5743
8915
8246
7708
5463
8869
9525
1374
4884
4113
220
4583
5547
1257
4838
3063
1989
3029
834
2574
6627
672
4670
4233
8911
5200
5256
1083
9011
9853
8165
6104
4951
4654
7719
5602
8445
5235
8815
5102
8756
8656
6009
7869
422
58
3061
1606
7216
9720
6434
7317
5870
7321
5500
9222
1458
5902
711
9102
9146
6661
5118
728
3833
8074
6570
4789
7346
9047
6794
197
3155
4796
7985
7403
6102
6802
8598
5031
3809
2870
1413
9725
3839
1608
4536
7206
615
5898
9866
1133
9518
4686
8936
5352
7231
903
4105
8962
121
8240
3082
3408
7080
4059
3073
2888
8027
5620
9672
3101
1095
4581
3740
7482
1334
9172
8637
9059
6652
2257
816
9588
4871
2354
3133
9193
7505
8726
6690
5246
5238
3368
7917
3671
4695
2394
4656
8177
54
6228
4937
6059
5052
8897
1369
7228
9899
495
7520
6804
2110
701
4004
7924
123
7493
650
3191
754
5862
3983
9715
2652
6826
4366
3109
4869
7956
551
103
3638
2091
2978
5587
8645
7186
1567
8201
1453
4498
9880
3035
4681
1583
296
6870
798
5299
9466
9982
2149
5394
2726
750
4135
3490
9744
3601
8624
9881
3513
8262
1902
1745
5605
5929
5571
6502
5661
5784
5157
4859
899
1619
9555
1818
6123
5960
5995
9211
9318
542
5737
1417
1280
6656
6737
9283
1512
6946
3159
7637
7949
3092
6553
4034
1986
9932
4591
5638
2743
5413
1100
7332
7518
8334
1035
7142
6948
7211
2189
4400
2617
1147
1595
4751
1631
7860
8676
8291
5008
3845
3428
5009
4540
9877
4264
6151
8441
4608
692
1485
3228
7223
6707
2641
5316
2942
4633
6362
6395
5082
8358
2335
5453
537
8585
8664
306
1407
688
4935
2926
5295
23
8156
8591
6478
2498
5346
7682
7912
9037
3798
2385
6058
4574
9792
2797
4634
8254
472
4041
3957
9764
6218
7316
8008
6984
8209
5357
4886
1961
3846
5978
518
9625
4866
209
1949
3612
1026
9299
3378
9044
3247
8117
3664
9810
2035
642
8697
6811
5265
9394
4287
8969
6038
1771
9475
1723
5984
5134
1349
3294
7666
771
4996
6873
7636
4801
5403
5817
6668
244
3422
4870
26
5371
6539
7395
7873
4901
7458
9990
7153
2344
8485
6841
4543
8282
3434
6204
4545
5930
146
7650
8847
1209
7653
9680
4638
3685
4323
9038
5317
4680
7037
5416
3013
860
4082
6904
2849
5774
5850
7398
8128
5526
2708
2781
8809
9085
840
9018
7454
5663
5444
7284
7268
6387
9382
9361
1357
2885
1966
4909
2747
2531
7008
6691
4090
2523
8993
905
4198
4477
8417
4417
3796
1647
4313
8011
6220
5060
9247
3318
8529
4742
7385
7677
1575
994
261
7888
9946
1981
8904
6148
3466
7125
1597
3900
5312
4957
7739
3768
9120
5912
4926
8970
4032
7515
9608
4781
9602
9527
4806
4150
8930
4365
3820
1929
3889
3774
1786
4580
9627
4047
3185
6394
4093
3272
278
7575
3403
651
7904
1586
9921
4049
9654
9240
1533
9113
7822
6312
1971
1825
3578
1119
7279
45
3565
193
8203
7501
8814
6490
3941
6925
7055
5277
807
2038
4513
9869
826
8173
2267
8822
8569
640
3243
2536
9088
9338
2801
7237
1247
3807
5869
1722
7943
1341
986
8961
9718
4427
1085
2329
9270
3650
8953
8194
1994
399
505
3298
5111
3842
2048
2365
125
5208
5035
3568
2999
1541
8342
6840
1975
5954
5632
1662
789
6069
1479
1457
5198
9943
1562
1432
8513
1984
4521
1559
9300
311
3577
9034
7880
835
2173
6501
4046
128
8249
2054
3251
1690
5434
7635
1925
8199
132
6264
3908
9424
83
4584
9057
6741
6773
7009
7624
839
4534
3021
272
7387
3852
2855
2266
1167
8652
2585
2034
3483
2675
2380
3736
892
9736
1250
7675
3608
2626
1264
6294
385
7944
7776
4446
9453
1141
7935
4183
2853
7414
4343
1164
2711
1210
3526
2945
4839
3110
6766
4835
1375
9767
6721
2720
1864
3546
1746
8361
5884
1211
7278
6320
3320
2019
668
8579
7503
5750
4386
9180
8721
464
3036
2164
3319
1632
5486
6332
5610
5378
1367
8093
9722
8436
5997
876
4268
136
9701
4457
8771
5858
9768
9567
6639
9781
62
6254
2042
3506
5334
2416
1624
4889
7373
4253
8351
6458
4273
9964
931
4442
1554
412
7022
1819
3152
4451
2713
3000
4148
2792
96
8727
4956
9440
6792
984
4800
3286
9428
7798
8376
7973
9264
7885
6022
7980
1976
2668
3224
6243
7665
770
2372
2090
6047
2676
1192
4740
6598
7451
7017
4023
1103
3137
4631
6620
68
3834
9884
1461
3117
4203
7858
950
115
300
7140
4704
1540
3341
2794
3875
1957
9507
8816
389
7693
5103
6440
7717
3584
1470
2716
7325
7417
6457
9739
4831
6651
8110
8737
1146
5631
1052
7498
5821
1415
1008
8422
9139
7930
9343
4722
4403
4672
7030
7612
8455
5609
753
5090
3258
2600
2634
4698
904
9617
16
4098
5559
3447
4102
2417
4399
4678
341
2778
6513
1077
5011
1271
7830
512
1678
6819
4266
8830
4296
2823
7367
3009
2511
3692
4773
4238
2050
8773
1322
4552
3507
9818
8963
8633
2592
8761
7411
7487
8706
8480
3179
9268
792
5366
1403
9128
1956
6976
5536
4493
4452
260
8346
6981
8115
1260
5629
6021
7678
845
9409
9807
4599
8081
4727
150
8766
6003
6093
957
6388
6464
889
6152
7324
9115
1473
5843
2403
7975
3785
8255
2558
437
2208
85
3010
4710
8837
5724
8429
8176
1489
3256
2908
787
9055
5386
5923
6017
4120
7838
8542
4395
8587
9786
1685
7245
9734
4156
497
8405
6504
5885
1948
112
6119
4517
1137
3163
9828
6138
3560
2741
6442
1149
5132
9512
2657
3015
7476
1649
9465
757
2547
2328
9140
4402
173
6677
3459
5854
5813
3006
3097
8121
2469
8654
3953
6217
4754
9534
6417
9451
4125
3645
5057
5951
2374
8039
4589
4190
2306
1291
6131
2449
763
5184
3896
6708
1769
5236
8134
8036
7141
7257
1693
659
2971
6717
1542
9599
2949
7516
9885
1658
2015
6714
1528
366
1165
6791
759
4115
5604
2105
1572
3778
8363
2613
3717
4883
8966
2847
6341
243
5349
3136
7826
2476
4637
1748
3603
1508
2793
4317
1494
9356
9911
1874
5422
2780
3177
2628
9845
6745
6354
5761
8215
332
6491
9707
6337
5696
8330
6474
8636
7251
9108
842
1731
4887
4959
821
9611
8260
7536
3123
1090
6587
5149
5441
9025
6772
4311
2407
1661
5309
3049
4002
7619
2504
4782
1924
7166
9656
2059
7254
2240
7526
3972
5892
1309
1190
7307
1283
2265
180
6732
8163
7127
1557
4151
5654
4464
3308
3872
1251
1389
9889
4991
5244
1404
1256
7581
5747
7662
9600
7050
5834
6369
1621
2710
4071
915
4872
2289
7353
1792
8464
3827
3617
2775
9755
7584
6199
4196
7692
4558
8870
1785
646
2005
8223
8482
1860
5056
2408
9116
9816
7668
3615
2934
8367
6877
2235
8451
9939
934
8484
1179
9163
6833
9478
7233
7000
5335
7249
433
3694
3620
4408
436
5073
4065
1713
9121
5579
2960
2123
5409
2763
2382
9225
7761
7543
440
2588
5993
9713
3764
814
8551
7905
9467
2787
6683
1483
1522
3325
9678
4863
4964
3721
196
6310
8518
4355
7198
9944
8378
2479
1707
9960
3647
1875
2292
1397
4856
4466
5523
1955
2471
939
8574
3190
9482
55
3705
486
7092
1709
3173
3360
8669
5385
1048
6961
6995
7462
7726
9304
66
7552
73
6846
6951
2995
8411
8941
7843
6170
9870
4281
9872
8082
8545
9591
1299
9154
6076
5216
1361
1484
4072
3022
6438
6911
1385
8606
232
2369
3180
6459
529
2753
8211
5684
2832
3836
9404
8267
833
7447
3453
3541
2666
7177
8332
9421
6787
3918
8908
5994
9285
963
5458
5532
7457
6781
8863
2192
4585
2526
4699
4304
3980
9490
1244
1890
4228
553
1836
858
3023
2391
6319
6592
7962
3542
2616
4482
7724
1096
1343
1730
7210
2399
953
920
268
3389
797
3413
6269
3208
6289
6918
39
1302
6809
7191
9063
9721
1331
629
3142
3197
3704
2772
266
3476
5203
3371
3701
1454
474
2332
5703
7936
8588
8155
1588
2315
7593
2524
7196
6216
3005
6556
3988
2715
3667
9540
2606
5673
5987
2253
6176
6506
7932
6381
8428
8840
6638
6988
4682
7339
8225
5503
353
9800
9577
7819
4535
6165
2180
4876
7792
242
7757
2242
3489
4407
2745
2808
2773
2629
2474
9251
3934
8035
1732
5722
3395
1736
4494
2451
6072
5047
6266
5020
1526
8945
7740
8621
6682
1680
1999
1143
9563
1605
3278
4420
9793
1022
8148
7793
1467
2910
6821
2406
996
8678
8489
5831
4992
1222
1887
1329
898
6314
6089
1420
2420
4577
601
1481
2197
4484
4330
7440
7974
5925
643
7667
7621
3591
4283
2712
6144
3512
5779
6251
5630
8463
8042
8790
7183
8073
1587
7163
4056
5398
2304
2915
7404
9822
4114
1652
1306
3326
7434
6594
5127
106
8707
1362
172
3148
3858
947
8899
1060
1034
6795
3874
5137
1877
4677
6861
3129
7260
9665
2339
7525
8832
6168
5279
2215
5274
7816
5998
6800
6398
6234
1287
3249
5396
7096
5233
6860
7269
3281
3518
1156
1580
8242
5856
6552
5182
3307
1305
8876
7876
1240
9514
5688
3678
283
295
2646
5027
3539
2602
5192
5636
6536
7540
6589
7994
7296
5487
6881
6182
6699
5950
2755
3269
3847
1883
1171
7060
2360
2260
1339
545
5510
3195
868
3514
4359
5727
9196
4812
2480
1019
4822
9676
9241
2789
8735
1248
1033
4912
9614
7914
890
5621
9077
1350
1314
4611
2842
7159
4815
8126
4248
5891
3730
6468
219
6550
3901
4755
7972
4649
217
4794
831
1532
2269
7118
780
6989
8443
6046
6213
9062
7696
1353
7572
3156
6662
6960
8114
568
7205
9836
1741
5704
3323
6776
1863
746
9479
8491
6149
971
4878
8825
5384
1675
698
3111
6991
284
7039
8795
2334
3055
5990
6221
8041
4792
2207
6197
4080
6943
7242
3576
9197
3362
2725
1538
1340
5920
4016
5288
2250
3849
778
1162
9782
3669
3892
6226
2553
3594
9308
5575
1366
7524
7110
943
5287
591
2776
1265
4693
8931
2650
9007
4849
6565
3886
8516
4084
5935
3291
1764
6376
8509
1592
6516
3181
3697
6495
2730
6006
4315
3943
2165
2217
6916
7517
9292
6743
9160
1752
5775
5531
8730
8101
6392
6331
8392
6508
8007
3580
1892
9387
4263
2698
4620
603
8519
2882
6775
9276
1111
4499
4948
3007
342
7871
9278
3848
8487
8465
6947
4418
5055
1488
8965
3687
494
9495
2258
4819
5432
301
928
4303
664
8284
1699
9831
5768
8955
2108
356
2378
501
1830
7199
4432
7512
4189
1087
3867
7024
2983
9253
8243
7076
3115
8019
9663
9647
1626
9649
6426
7651
6171
104
4778
7966
716
9360
1114
5686
6285
630
2398
4181
6084
2098
5839
374
4033
8386
9221
631
9974
5697
3536
9592
9985
7998
6202
8275
7085
4214
1793
1993
4925
974
3786
2705
5992
1735
5563
6901
7276
6118
8641
9386
7544
5124
1074
2980
9693
1550
3273
9275
5672
8928
712
521
201
9601
3739
3860
5583
5796
9135
6974
9142
6739
5659
4811
3614
4717
7115
3174
5172
5249
3606
4195
1411
7429
1577
5105
2261
6358
6633
4550
7182
6525
6
1536
3775
6051
239
8080
6229
7273
811
5161
4945
8418
2187
9147
3923
9388
619
6700
9724
7767
6219
4808
1000
713
8950
1937
2047
5475
6012
1718
8239
8894
7735
9378
2902
9500
2046
3970
1125
7053
3524
5092
863
2835
6252
7446
8359
3331
9541
5066
4826
5173
188
8702
5081
7689
8649
9206
8932
2589
3758
3418
9026
9167
7209
8469
4431
2003
722
8157
2465
2318
4939
8159
4648
52
7318
1345
4998
5326
4232
4092
9995
7011
6397
2669
2483
277
6628
6227
4994
9089
4116
7953
5733
3375
5480
288
7542
7101
633
9953
900
1039
2174
7746
8872
4337
2198
7481
1566
7391
3056
8704
109
2109
1213
8389
4560
5823
5193
2345
924
5833
6774
5433
6630
3391
1310
773
4758
1799
3027
5218
1084
5211
3600
3677
7945
6391
4149
466
1798
3237
5545
6066
7366
4439
2619
2310
8146
5393
914
3107
8757
2421
7120
5262
9365
4967
1196
5502
5259
7289
8224
3346
2051
1520
6335
8742
6196
507
2704
1598
1852
2071
881
8512
7131
4706
5423
7399
2191
8247
9805
2810
9032
179
9913
5651
1950
4685
8338
1716
7150
7766
8017
6326
6408
4291
8982
6631
7178
1216
3017
15
5548
4952
8466
3352
6447
7171
451
5788
7461
7564
1504
9545
3947
3703
4131
9632
5668
7507
5391
987
9603
4807
8161
2795
5886
7165
8387
599
9494
6541
9582
119
6986
4850
6315
5324
4045
9533
5529
7829
3793
7502
373
772
8449
7832
5169
1132
9928
6166
5431
1728
4544
8925
6934
2120
8032
5838
6750
4165
2573
5625
5628
8266
8596
6293
9439
9330
5927
4101
5853
4934
6564
9112
4622
5617
9400
4623
4382
7383
2134
1384
147
4239
8803
1817
8089
2146
9209
3001
8547
8453
3008
3823
3624
322
614
460
7560
2640
4786
6815
3673
3625
1726
6817
4015
1435
6236
5676
3234
4565
153
4772
3300
6110
9997
9293
3153
594
862
1657
1431
9780
2327
4448
1951
7051
9202
2672
2727
726
415
6000
4512
5390
1115
8533
6724
8841
8040
6035
9198
9420
1066
4305
7722
5511
3465
634
9758
3220
5887
9471
4619
4924
1711
2887
9273
8983
1438
8695
3742
8265
1223
4832
5618
3075
2873
4229
7887
2468
6172
2095
4463
2413
3304
1071
8235
7379
3399
699
4795
3306
5513
8406
7295
151
5556
5043
3754
5512
1382
5757
9287
517
7770
1835
1053
6818
4533
369
2563
2040
6571
8913
8022
1446
206
9153
2969
5002
3879
192
5590
1829
8947
2758
4813
6897
2894
9827
492
2965
4197
3696
9883
1965
2356
1762
2039
5374
5972
6744
9023
7492
4898
7376
8103
1839
7703
3938
3528
2199
9551
704
9967
2402
3116
9714
5908
2633
143
6287
4579
5418
2186
3817
7672
2036
9323
3878
430
2893
3467
6705
4178
7646
476
3618
9374
5231
525
8231
9561
3806
1676
2779
6448
3367
6365
5666
6626
2860
5514
4821
1003
2111
1293
5350
469
4324
7894
6185
6415
8796
1284
8476
6726
1568
9992
2735
8047
6231
1224
4942
44
2736
7902
8340
6560
256
9095
5562
9215
5991
4437
6482
2940
1593
9692
5143
2014
6262
8435
7808
4117
9754
346
3699
2798
8139
9473
5219
3799
7099
7336
6042
5139
1905
9190
4941
6593
203
6548
3439
7920
1296
6666
3366
8956
8020
9297
5639
2205
8337
2088
2981
6730
5388
7714
3583
7504
4971
8559
9778
1654
5682
6940
5607
6952
4128
5125
2750
1664
3207
5650
7570
3213
5117
7486
9235
3503
1582
2555
6997
3485
2944
2692
7919
8734
6640
8259
2609
1599
4192
5421
9392
5108
2093
3098
4009
1122
3718
27
7810
720
2543
6306
2828
8112
2892
9246
4166
2880
4578
4262
9622
7158
6436
3202
7765
8309
8520
8038
4124
828
7862
6233
6114
3406
1387
9040
9336
5569
5905
3919
1682
3695
1781
8647
5888
1641
254
8304
867
9808
2809
3551
4044
8261
9069
8257
7639
7631
323
515
8599
7655
4445
4896
6763
4100
6905
2509
9058
2899
1992
3912
4855
508
2045
3353
1116
7427
6900
8660
5010
145
6767
5485
5599
4302
3474
5232
9833
4602
1560
8016
687
56
8889
3992
3592
3066
8593
313
9126
3343
3802
5289
3076
282
7707
6121
1960
975
707
5318
4857
5971
7582
843
9119
9823
9351
9727
3691
8792
2933
3089
9110
4962
7288
1501
654
857
3397
8679
6099
6406
6842
2790
4791
2381
7438
3171
9492
4112
1492
3830
6249
9450
9652
959
6921
1290
1258
3973
682
441
6255
4609
6528
6020
2935
100
2080
14
9258
4921
5281
1370
9133
8561
6477
384
1313
6542
9742
9429
1347
2564
6586
1601
6935
6866
7422
7146
480
286
5142
4163
752
8092
8848
9306
7338
9212
428
6193
9503
7841
2117
5154
8584
2115
2085
4031
1151
7523
7604
3204
5387
1673
9043
5790
1525
9977
6485
2086
3549
5942
41
5028
1253
5307
1335
4327
3559
5754
204
2364
3610
9560
6096
8388
1163
6530
9798
7938
9371
8646
2597
2245
6437
696
8366
2320
1391
8738
4530
683
9505
1576
5405
9971
5377
7463
1535
7652
6061
8384
673
9254
1466
7645
1895
2696
3194
9702
1906
8609
6689
5283
9122
1671
5351
1228
8819
532
5291
4503
9803
9260
1439
8989
144
2958
1148
6125
5459
3876
1789
8570
919
9519
7252
6847
3783
2986
558
6299
1092
3832
522
5694
7691
6576
6992
6675
6064
4257
8380
7415
6239
6095
9474
4141
5543
7139
4326
3556
6010
3572
2959
1392
1783
9398
9408
5007
7068
8944
9812
1692
9909
6859
7393
4347
3376
3928
8600
8688
4383
9981
4972
53
6124
6383
6484
6499
1468
1176
157
9326
2645
4756
6722
8179
9644
6260
7533
8607
4074
9774
4556
1886
9685
2463
5748
5461
3151
7456
3454
9054
9111
5477
4212
1837
2218
2139
446
2762
6621
8381
7239
6544
607
5764
2638
7081
8253
359
9366
8784
8821
9961
237
5785
3680
131
4352
205
5780
8460
7909
8314
8075
9226
9250
3093
4555
2138
6765
7918
3987
8978
4977
8826
7780
661
13
830
4790
3948
5914
8068
8250
611
6660
8197
186
6122
8622
995
7687
9036
8481
1972
5603
3883
656
9087
5021
5797
5574
5758
530
202
6534
3998
3040
3433
4430
3930
7377
6903
2683
3505
7236
8307
9010
3165
9639
9633
1510
4066
8244
5320
6686
9771
961
6410
7329
991
8170
6663
9262
475
7896
2693
8642
7113
7428
8196
2252
7378
3121
4103
9900
1704
1715
9840
2643
8105
1945
8010
2373
6092
5131
1188
7531
6274
7036
4042
8130
5809
791
9568
1269
2844
5296
4607
2637
4665
4341
8230
9826
4223
1751
9566
1903
2897
2569
2635
7433
4569
8718
7326
8024
5354
1441
6728
5319
2377
9903
7145
5658
7889
5586
1055
407
621
694
7613
9093
8555
817
1154
8124
9589
4441
3686
9487
8379
7506
3863
6360
9078
3050
2722
593
1219
2273
4538
3233
6848
2440
2990
6532
613
6108
3854
1278
4414
766
7136
5922
4888
6321
378
4234
6451
7436
8729
4824
9641
3305
3259
9413
4841
4188
2132
4809
6014
7529
1051
9320
7995
4
51
2234
7931
8415
6147
6719
2128
64
918
9244
3888
7976
1988
3996
4666
9979
8028
9136
7347
8486
8190
5360
1630
2196
2614
4230
8774
9355
3223
1207
9948
3932
4828
9334
1642
5794
7200
776
913
6955
6160
1853
6492
7293
1078
8608
8582
7701
3167
549
9271
3189
4984
5614
6753
7305
5555
6634
4989
1044
9864
2195
5585
4927
8918
9626
9849
159
7541
9893
8350
1979
3054
7168
8084
8571
3218
9615
4987
82
3219
7899
872
5410
747
648
1450
7927
2807
1936
820
8227
8403
5913
5411
744
9506
6733
731
4986
7988
9976
4981
9322
2077
3562
7201
8987
7833
3981
938
7827
8835
5837
8097
1990
4458
8891
6574
5051
818
6933
4894
9571
79
351
7070
5479
9526
5074
9195
5714
8948
3616
3904
4642
3080
8668
2163
9522
9776
9245
9898
7375
2262
2462
1820
1702
8922
2121
5330
6311
1469
1701
4179
5873
1409
2321
6181
7013
4802
1589
5049
1134
5627
8003
5229
4433
4764
1436
9814
1332
9907
3816
5455
6695
4618
9053
9986
1547
7421
584
2925
2450
9214
4449
6742
5072
9168
6588
769
